CCCCC(CC)COC(=O)c7sc6c(c5cc4c(c1ccc(C(CC)CCCC)s1)c2sc(C)cc2c(c3ccc(CC(CC)CCC...
APtclcactv04092406202D 0   0.00000     0.000004
 
120126  0  0  0  0  0  0  0  0999 V2000
    3.7398    2.8304    0.0000 C   0  0  0  0  0  0  0  0  0  0  0  0
    2.4920    2.0995    0.0000 C   0  0  0  0  0  0  0  0  0  0  0  0
    1.2958    2.8305    0.0000 C   0  0  0  0  0  0  0  0  0  0  0  0
    0.0000    2.0705    0.0000 C   0  0  0  0  0  0  0  0  0  0  0  0
    4.9348    2.1148    0.0000 C   0  0  0  0  0  0  0  0  0  0  0  0
    6.1730    2.8355    0.0000 C   0  0  0  0  0  0  0  0  0  0  0  0
    7.3531    2.2096    0.0000 O   0  0  0  0  0  0  0  0  0  0  0  0
    4.9387    0.6775    0.0000 C   0  0  0  0  0  0  0  0  0  0  0  0
    3.7588    0.0000    0.0000 C   0  0  0  0  0  0  0  0  0  0  0  0
   15.5626    0.3159    0.0000 C   0  0  0  0  0  0  0  0  0  0  0  0
   16.1609    1.6124    0.0000 C   0  0  0  0  0  0  0  0  0  0  0  0
   13.4727    4.0734    0.0000 C   0  0  0  0  0  0  0  0  0  0  0  0
   14.6194    4.9237    0.0000 C   0  0  0  0  0  0  0  0  0  0  0  0
   13.3694    7.0203    0.0000 C   0  0  0  0  0  0  0  0  0  0  0  0
   14.6299    6.3384    0.0000 C   0  0  0  0  0  0  0  0  0  0  0  0
   12.0366    6.5860    0.0000 C   0  0  0  0  0  0  0  0  0  0  0  0
   11.1945    7.7672    0.0000 C   0  0  0  0  0  0  0  0  0  0  0  0
    9.3467    6.3646    0.0000 C   0  0  0  0  0  0  0  0  0  0  0  0
    9.7701    7.7600    0.0000 C   0  0  0  0  0  0  0  0  0  0  0  0
    9.7542    5.1680    0.0000 S   0  0  0  0  0  0  0  0  0  0  0  0
    7.9366    6.3839    0.0000 C   0  0  0  0  0  0  0  0  0  0  0  0
    7.5096    5.1167    0.0000 C   0  0  0  0  0  0  0  0  0  0  0  0
    8.6221    4.2553    0.0000 C   0  0  0  0  0  0  0  0  0  0  0  0
    8.5903    2.8246    0.0000 C   0  0  0  0  0  0  0  0  0  0  0  0
    9.8399    2.2096    0.0000 O   0  0  0  0  0  0  0  0  0  0  0  0
    6.0669    4.7393    0.0000 F   0  0  0  0  0  0  0  0  0  0  0  0
    7.4927    7.7756    0.0000 C   0  0  0  0  0  0  0  0  0  0  0  0
    8.6394    8.6838    0.0000 S   0  0  0  0  0  0  0  0  0  0  0  0
   12.0265    8.9839    0.0000 S   0  0  0  0  0  0  0  0  0  0  0  0
   13.3878    8.4364    0.0000 C   0  0  0  0  0  0  0  0  0  0  0  0
   14.6196    9.1648    0.0000 C   0  0  0  0  0  0  0  0  0  0  0  0
   14.6147   10.5917    0.0000 C   0  0  0  0  0  0  0  0  0  0  0  0
   13.4571   11.4021    0.0000 C   0  0  0  0  0  0  0  0  0  0  0  0
   16.1605   13.8865    0.0000 C   0  0  0  0  0  0  0  0  0  0  0  0
   15.5638   15.1474    0.0000 C   0  0  0  0  0  0  0  0  0  0  0  0
   13.3134   14.1719    0.0000 C   0  0  0  0  0  0  0  0  0  0  0  0
   14.1471   15.3576    0.0000 C   0  0  0  0  0  0  0  0  0  0  0  0
   17.7991   16.2044    0.0000 C   0  0  0  0  0  0  0  0  0  0  0  0
   18.6533   17.3362    0.0000 C   0  0  0  0  0  0  0  0  0  0  0  0
   20.1085   17.1621    0.0000 C   0  0  0  0  0  0  0  0  0  0  0  0
   16.3672   16.3228    0.0000 C   0  0  0  0  0  0  0  0  0  0  0  0
   15.3221   12.7231    0.0000 C   0  0  0  0  0  0  0  0  0  0  0  0
   15.7138   11.5136    0.0000 S   0  0  0  0  0  0  0  0  0  0  0  0
   13.8933   12.7091    0.0000 C   0  0  0  0  0  0  0  0  0  0  0  0
   15.8112    8.4379    0.0000 C   0  0  0  0  0  0  0  0  0  0  0  0
   17.1964    8.8746    0.0000 C   0  0  0  0  0  0  0  0  0  0  0  0
   17.9995    7.7658    0.0000 C   0  0  0  0  0  0  0  0  0  0  0  0
   17.1715    6.7116    0.0000 S   0  0  0  0  0  0  0  0  0  0  0  0
   15.8253    7.0313    0.0000 C   0  0  0  0  0  0  0  0  0  0  0  0
   15.7138    4.1819    0.0000 S   0  0  0  0  0  0  0  0  0  0  0  0
   13.9001    2.7697    0.0000 C   0  0  0  0  0  0  0  0  0  0  0  0
   15.3192    2.7565    0.0000 C   0  0  0  0  0  0  0  0  0  0  0  0
   17.5403    1.7638    0.0000 C   0  0  0  0  0  0  0  0  0  0  0  0
   18.1602    3.0332    0.0000 C   0  0  0  0  0  0  0  0  0  0  0  0
   19.5302    3.1921    0.0000 C   0  0  0  0  0  0  0  0  0  0  0  0
   20.1336    4.4605    0.0000 C   0  0  0  0  0  0  0  0  0  0  0  0
   14.1060    0.1631    0.0000 C   0  0  0  0  0  0  0  0  0  0  0  0
    6.1532    8.1829    0.0000 C   0  0  0  0  0  0  0  0  0  0  0  0
   19.3987    7.7190    0.0000 C   0  0  0  0  0  0  0  0  0  0  0  0
    4.3089    3.4970    0.0000 H   0  0  0  0  0  0  0  0  0  0  0  0
    3.1772    3.5025    0.0000 H   0  0  0  0  0  0  0  0  0  0  0  0
    1.9189    1.4363    0.0000 H   0  0  0  0  0  0  0  0  0  0  0  0
    3.0526    1.4258    0.0000 H   0  0  0  0  0  0  0  0  0  0  0  0
    1.8688    3.4938    0.0000 H   0  0  0  0  0  0  0  0  0  0  0  0
    0.7349    3.5040    0.0000 H   0  0  0  0  0  0  0  0  0  0  0  0
   -0.4434    2.8265    0.0000 H   0  0  0  0  0  0  0  0  0  0  0  0
   -0.7560    1.6271    0.0000 H   0  0  0  0  0  0  0  0  0  0  0  0
    0.4434    1.3145    0.0000 H   0  0  0  0  0  0  0  0  0  0  0  0
    4.1729    1.6816    0.0000 H   0  0  0  0  0  0  0  0  0  0  0  0
    6.7193    3.5209    0.0000 H   0  0  0  0  0  0  0  0  0  0  0  0
    5.6001    3.4988    0.0000 H   0  0  0  0  0  0  0  0  0  0  0  0
    5.2379   -0.1463    0.0000 H   0  0  0  0  0  0  0  0  0  0  0  0
    5.8017    0.8306    0.0000 H   0  0  0  0  0  0  0  0  0  0  0  0
    3.3224    0.7601    0.0000 H   0  0  0  0  0  0  0  0  0  0  0  0
    2.9987   -0.4364    0.0000 H   0  0  0  0  0  0  0  0  0  0  0  0
    4.1952   -0.7601    0.0000 H   0  0  0  0  0  0  0  0  0  0  0  0
   15.4974   -0.5581    0.0000 H   0  0  0  0  0  0  0  0  0  0  0  0
   16.4111    0.0962    0.0000 H   0  0  0  0  0  0  0  0  0  0  0  0
   16.6729    0.9010    0.0000 H   0  0  0  0  0  0  0  0  0  0  0  0
   12.6375    4.3391    0.0000 H   0  0  0  0  0  0  0  0  0  0  0  0
   11.7624    5.7535    0.0000 H   0  0  0  0  0  0  0  0  0  0  0  0
   12.6248   11.1273    0.0000 H   0  0  0  0  0  0  0  0  0  0  0  0
   16.7758   13.2623    0.0000 H   0  0  0  0  0  0  0  0  0  0  0  0
   16.8788   14.3887    0.0000 H   0  0  0  0  0  0  0  0  0  0  0  0
   15.0418   14.4434    0.0000 H   0  0  0  0  0  0  0  0  0  0  0  0
   12.5964   14.6760    0.0000 H   0  0  0  0  0  0  0  0  0  0  0  0
   12.8093   13.4549    0.0000 H   0  0  0  0  0  0  0  0  0  0  0  0
   14.0304   13.6678    0.0000 H   0  0  0  0  0  0  0  0  0  0  0  0
   14.4082   16.1943    0.0000 H   0  0  0  0  0  0  0  0  0  0  0  0
   13.3608   15.7449    0.0000 H   0  0  0  0  0  0  0  0  0  0  0  0
   17.5649   15.3598    0.0000 H   0  0  0  0  0  0  0  0  0  0  0  0
   18.5850   15.8165    0.0000 H   0  0  0  0  0  0  0  0  0  0  0  0
   18.9080   18.1748    0.0000 H   0  0  0  0  0  0  0  0  0  0  0  0
   17.8721   17.7337    0.0000 H   0  0  0  0  0  0  0  0  0  0  0  0
   20.0044   16.2918    0.0000 H   0  0  0  0  0  0  0  0  0  0  0  0
   20.9788   17.0580    0.0000 H   0  0  0  0  0  0  0  0  0  0  0  0
   20.2126   18.0324    0.0000 H   0  0  0  0  0  0  0  0  0  0  0  0
   16.5882   17.1710    0.0000 H   0  0  0  0  0  0  0  0  0  0  0  0
   15.5695   16.6860    0.0000 H   0  0  0  0  0  0  0  0  0  0  0  0
   13.3775   13.4177    0.0000 H   0  0  0  0  0  0  0  0  0  0  0  0
   17.4715    9.7068    0.0000 H   0  0  0  0  0  0  0  0  0  0  0  0
   13.3826    2.0623    0.0000 H   0  0  0  0  0  0  0  0  0  0  0  0
   17.4715    0.8900    0.0000 H   0  0  0  0  0  0  0  0  0  0  0  0
   18.3858    1.5331    0.0000 H   0  0  0  0  0  0  0  0  0  0  0  0
   18.2254    3.9072    0.0000 H   0  0  0  0  0  0  0  0  0  0  0  0
   17.3142    3.2622    0.0000 H   0  0  0  0  0  0  0  0  0  0  0  0
   19.4680    2.3178    0.0000 H   0  0  0  0  0  0  0  0  0  0  0  0
   20.3778    2.9689    0.0000 H   0  0  0  0  0  0  0  0  0  0  0  0
   20.9251    4.0840    0.0000 H   0  0  0  0  0  0  0  0  0  0  0  0
   20.5101    5.2520    0.0000 H   0  0  0  0  0  0  0  0  0  0  0  0
   19.3421    4.8370    0.0000 H   0  0  0  0  0  0  0  0  0  0  0  0
   14.0146    1.0348    0.0000 H   0  0  0  0  0  0  0  0  0  0  0  0
   13.2343    0.0717    0.0000 H   0  0  0  0  0  0  0  0  0  0  0  0
   14.1974   -0.7086    0.0000 H   0  0  0  0  0  0  0  0  0  0  0  0
    6.4082    9.0215    0.0000 H   0  0  0  0  0  0  0  0  0  0  0  0
    5.3146    8.4379    0.0000 H   0  0  0  0  0  0  0  0  0  0  0  0
    5.8982    7.3443    0.0000 H   0  0  0  0  0  0  0  0  0  0  0  0
   19.3694    6.8430    0.0000 H   0  0  0  0  0  0  0  0  0  0  0  0
   20.2747    7.6897    0.0000 H   0  0  0  0  0  0  0  0  0  0  0  0
   19.4280    8.5950    0.0000 H   0  0  0  0  0  0  0  0  0  0  0  0
  1  2  1  0  0  0  0
  1  5  1  0  0  0  0
  3  4  1  0  0  0  0
  2  3  1  0  0  0  0
  5  6  1  0  0  0  0
  5  8  1  0  0  0  0
  6  7  1  0  0  0  0
  8  9  1  0  0  0  0
 10 11  1  0  0  0  0
 11 53  1  0  0  0  0
 12 13  2  0  0  0  0
 12 51  1  0  0  0  0
 13 50  1  0  0  0  0
 14 15  2  0  0  0  0
 14 30  1  0  0  0  0
 13 15  1  0  0  0  0
 14 16  1  0  0  0  0
 16 17  2  0  0  0  0
 18 19  2  0  0  0  0
 19 28  1  0  0  0  0
 17 19  1  0  0  0  0
 18 20  1  0  0  0  0
 18 21  1  0  0  0  0
 21 22  1  0  0  0  0
 22 23  2  0  0  0  0
 20 23  1  0  0  0  0
 24 25  2  0  0  0  0
  7 24  1  0  0  0  0
 23 24  1  0  0  0  0
 22 26  1  0  0  0  0
 21 27  2  0  0  0  0
 27 28  1  0  0  0  0
 17 29  1  0  0  0  0
 29 30  1  0  0  0  0
 30 31  2  0  0  0  0
 31 32  1  0  0  0  0
 31 45  1  0  0  0  0
 32 43  1  0  0  0  0
 32 33  2  0  0  0  0
 33 44  1  0  0  0  0
 34 35  1  0  0  0  0
 36 37  1  0  0  0  0
 35 37  1  0  0  0  0
 38 39  1  0  0  0  0
 38 41  1  0  0  0  0
 39 40  1  0  0  0  0
 35 41  1  0  0  0  0
 34 42  1  0  0  0  0
 42 43  1  0  0  0  0
 42 44  2  0  0  0  0
 45 49  2  0  0  0  0
 46 47  2  0  0  0  0
 45 46  1  0  0  0  0
 47 48  1  0  0  0  0
 48 49  1  0  0  0  0
 15 49  1  0  0  0  0
 51 52  2  0  0  0  0
 50 52  1  0  0  0  0
 11 52  1  0  0  0  0
 54 55  1  0  0  0  0
 53 54  1  0  0  0  0
 55 56  1  0  0  0  0
 10 57  1  0  0  0  0
 27 58  1  0  0  0  0
 47 59  1  0  0  0  0
  1 60  1  0  0  0  0
  1 61  1  0  0  0  0
  2 62  1  0  0  0  0
  2 63  1  0  0  0  0
  3 64  1  0  0  0  0
  3 65  1  0  0  0  0
  4 66  1  0  0  0  0
  4 67  1  0  0  0  0
  4 68  1  0  0  0  0
  5 69  1  0  0  0  0
  6 70  1  0  0  0  0
  6 71  1  0  0  0  0
  8 72  1  0  0  0  0
  8 73  1  0  0  0  0
  9 74  1  0  0  0  0
  9 75  1  0  0  0  0
  9 76  1  0  0  0  0
 10 77  1  0  0  0  0
 10 78  1  0  0  0  0
 11 79  1  0  0  0  0
 12 80  1  0  0  0  0
 16 81  1  0  0  0  0
 33 82  1  0  0  0  0
 34 83  1  0  0  0  0
 34 84  1  0  0  0  0
 35 85  1  0  0  0  0
 36 86  1  0  0  0  0
 36 87  1  0  0  0  0
 36 88  1  0  0  0  0
 37 89  1  0  0  0  0
 37 90  1  0  0  0  0
 38 91  1  0  0  0  0
 38 92  1  0  0  0  0
 39 93  1  0  0  0  0
 39 94  1  0  0  0  0
 40 95  1  0  0  0  0
 40 96  1  0  0  0  0
 40 97  1  0  0  0  0
 41 98  1  0  0  0  0
 41 99  1  0  0  0  0
 44100  1  0  0  0  0
 46101  1  0  0  0  0
 51102  1  0  0  0  0
 53103  1  0  0  0  0
 53104  1  0  0  0  0
 54105  1  0  0  0  0
 54106  1  0  0  0  0
 55107  1  0  0  0  0
 55108  1  0  0  0  0
 56109  1  0  0  0  0
 56110  1  0  0  0  0
 56111  1  0  0  0  0
 57112  1  0  0  0  0
 57113  1  0  0  0  0
 57114  1  0  0  0  0
 58115  1  0  0  0  0
 58116  1  0  0  0  0
 58117  1  0  0  0  0
 59118  1  0  0  0  0
 59119  1  0  0  0  0
 59120  1  0  0  0  0
M  END
$$$$
