CCCCCCC(CCCC)COC(=O)c3cc(c2cc(C(=O)OCC(CCCC)CCCCCC)c(c1ccc(CC)s1)s2)sc3c4ccc...
APtclcactv04092405542D 0   0.00000     0.000004
 
117120  0  0  0  0  0  0  0  0999 V2000
    6.2951    1.2035    0.0000 C   0  0  0  0  0  0  0  0  0  0  0  0
    7.0928    2.3328    0.0000 C   0  0  0  0  0  0  0  0  0  0  0  0
    7.3709    4.8088    0.0000 C   0  0  0  0  0  0  0  0  0  0  0  0
    6.7878    6.1025    0.0000 C   0  0  0  0  0  0  0  0  0  0  0  0
    5.3214    6.3587    0.0000 O   0  0  0  0  0  0  0  0  0  0  0  0
    9.4236    3.3763    0.0000 C   0  0  0  0  0  0  0  0  0  0  0  0
   10.8323    3.2115    0.0000 C   0  0  0  0  0  0  0  0  0  0  0  0
   11.4606    1.9064    0.0000 C   0  0  0  0  0  0  0  0  0  0  0  0
   12.8497    1.7228    0.0000 C   0  0  0  0  0  0  0  0  0  0  0  0
   13.3833    0.5076    0.0000 C   0  0  0  0  0  0  0  0  0  0  0  0
    8.8151    4.6228    0.0000 C   0  0  0  0  0  0  0  0  0  0  0  0
    6.5542    3.6705    0.0000 C   0  0  0  0  0  0  0  0  0  0  0  0
    6.7926    0.0000    0.0000 C   0  0  0  0  0  0  0  0  0  0  0  0
    5.1973   10.1386    0.0000 C   0  0  0  0  0  0  0  0  0  0  0  0
    5.6357    8.7566    0.0000 C   0  0  0  0  0  0  0  0  0  0  0  0
    3.8138   10.6024    0.0000 C   0  0  0  0  0  0  0  0  0  0  0  0
    2.5736    9.7636    0.0000 S   0  0  0  0  0  0  0  0  0  0  0  0
    1.9314   11.8906    0.0000 C   0  0  0  0  0  0  0  0  0  0  0  0
    3.3518   11.9177    0.0000 C   0  0  0  0  0  0  0  0  0  0  0  0
    1.4980   10.5736    0.0000 C   0  0  0  0  0  0  0  0  0  0  0  0
    0.0000   10.1336    0.0000 C   0  0  0  0  0  0  0  0  0  0  0  0
    6.2772   11.0179    0.0000 S   0  0  0  0  0  0  0  0  0  0  0  0
    7.0473    8.7705    0.0000 C   0  0  0  0  0  0  0  0  0  0  0  0
    7.4619   10.0927    0.0000 C   0  0  0  0  0  0  0  0  0  0  0  0
    8.8787   10.5940    0.0000 C   0  0  0  0  0  0  0  0  0  0  0  0
    9.3041   11.9364    0.0000 C   0  0  0  0  0  0  0  0  0  0  0  0
   10.7539   11.9522    0.0000 C   0  0  0  0  0  0  0  0  0  0  0  0
   11.6233   13.1802    0.0000 C   0  0  0  0  0  0  0  0  0  0  0  0
   10.9363   14.4825    0.0000 O   0  0  0  0  0  0  0  0  0  0  0  0
   12.9672   13.0489    0.0000 O   0  0  0  0  0  0  0  0  0  0  0  0
   11.1470   10.5739    0.0000 C   0  0  0  0  0  0  0  0  0  0  0  0
   12.6095   10.1388    0.0000 C   0  0  0  0  0  0  0  0  0  0  0  0
   13.6840   11.0179    0.0000 S   0  0  0  0  0  0  0  0  0  0  0  0
   14.7228    8.9831    0.0000 C   0  0  0  0  0  0  0  0  0  0  0  0
   14.8468   10.1125    0.0000 C   0  0  0  0  0  0  0  0  0  0  0  0
   15.4151   10.2479    0.0000 C   0  0  0  0  0  0  0  0  0  0  0  0
   16.2545   10.5581    0.0000 C   0  0  0  0  0  0  0  0  0  0  0  0
   13.0083    8.7855    0.0000 C   0  0  0  0  0  0  0  0  0  0  0  0
    9.9806    9.7636    0.0000 S   0  0  0  0  0  0  0  0  0  0  0  0
    4.7695    7.6001    0.0000 C   0  0  0  0  0  0  0  0  0  0  0  0
    9.0239   15.8853    0.0000 C   0  0  0  0  0  0  0  0  0  0  0  0
    7.6622   16.0053    0.0000 C   0  0  0  0  0  0  0  0  0  0  0  0
    6.9759   17.3166    0.0000 C   0  0  0  0  0  0  0  0  0  0  0  0
    5.5599   17.5106    0.0000 C   0  0  0  0  0  0  0  0  0  0  0  0
    5.0066   18.7581    0.0000 C   0  0  0  0  0  0  0  0  0  0  0  0
    2.9291   20.3052    0.0000 C   0  0  0  0  0  0  0  0  0  0  0  0
    3.5412   19.0164    0.0000 C   0  0  0  0  0  0  0  0  0  0  0  0
    9.5690   20.8142    0.0000 C   0  0  0  0  0  0  0  0  0  0  0  0
   10.0794   19.5066    0.0000 C   0  0  0  0  0  0  0  0  0  0  0  0
    9.2981   18.3666    0.0000 C   0  0  0  0  0  0  0  0  0  0  0  0
    9.8387   17.0636    0.0000 C   0  0  0  0  0  0  0  0  0  0  0  0
    9.5864   14.6285    0.0000 C   0  0  0  0  0  0  0  0  0  0  0  0
    3.2904    7.7924    0.0000 O   0  0  0  0  0  0  0  0  0  0  0  0
    5.6925    1.8276    0.0000 H   0  0  0  0  0  0  0  0  0  0  0  0
    5.5694    0.7281    0.0000 H   0  0  0  0  0  0  0  0  0  0  0  0
    7.6935    1.7069    0.0000 H   0  0  0  0  0  0  0  0  0  0  0  0
    7.8214    2.8037    0.0000 H   0  0  0  0  0  0  0  0  0  0  0  0
    7.8874    5.5058    0.0000 H   0  0  0  0  0  0  0  0  0  0  0  0
    7.6335    6.2958    0.0000 H   0  0  0  0  0  0  0  0  0  0  0  0
    6.7654    6.9697    0.0000 H   0  0  0  0  0  0  0  0  0  0  0  0
    8.5861    3.1500    0.0000 H   0  0  0  0  0  0  0  0  0  0  0  0
    9.4875    2.5111    0.0000 H   0  0  0  0  0  0  0  0  0  0  0  0
   11.6706    3.4348    0.0000 H   0  0  0  0  0  0  0  0  0  0  0  0
   10.7700    4.0768    0.0000 H   0  0  0  0  0  0  0  0  0  0  0  0
   10.6212    1.6873    0.0000 H   0  0  0  0  0  0  0  0  0  0  0  0
   11.5143    1.0405    0.0000 H   0  0  0  0  0  0  0  0  0  0  0  0
   13.6940    1.9223    0.0000 H   0  0  0  0  0  0  0  0  0  0  0  0
   12.8061    2.5892    0.0000 H   0  0  0  0  0  0  0  0  0  0  0  0
   12.5890    0.1588    0.0000 H   0  0  0  0  0  0  0  0  0  0  0  0
   13.7321   -0.2867    0.0000 H   0  0  0  0  0  0  0  0  0  0  0  0
   14.1776    0.8564    0.0000 H   0  0  0  0  0  0  0  0  0  0  0  0
    9.6535    4.8459    0.0000 H   0  0  0  0  0  0  0  0  0  0  0  0
    8.7579    5.4884    0.0000 H   0  0  0  0  0  0  0  0  0  0  0  0
    5.9566    4.2994    0.0000 H   0  0  0  0  0  0  0  0  0  0  0  0
    5.8244    3.2014    0.0000 H   0  0  0  0  0  0  0  0  0  0  0  0
    5.9909   -0.3314    0.0000 H   0  0  0  0  0  0  0  0  0  0  0  0
    7.1240   -0.8017    0.0000 H   0  0  0  0  0  0  0  0  0  0  0  0
    7.5943    0.3314    0.0000 H   0  0  0  0  0  0  0  0  0  0  0  0
    1.4161   12.5885    0.0000 H   0  0  0  0  0  0  0  0  0  0  0  0
    3.8466   12.6303    0.0000 H   0  0  0  0  0  0  0  0  0  0  0  0
   -0.2445   10.9660    0.0000 H   0  0  0  0  0  0  0  0  0  0  0  0
   -0.8324    9.8891    0.0000 H   0  0  0  0  0  0  0  0  0  0  0  0
    0.2445    9.3012    0.0000 H   0  0  0  0  0  0  0  0  0  0  0  0
    7.5643    8.0738    0.0000 H   0  0  0  0  0  0  0  0  0  0  0  0
    8.7878   12.6336    0.0000 H   0  0  0  0  0  0  0  0  0  0  0  0
   15.3379    8.3713    0.0000 H   0  0  0  0  0  0  0  0  0  0  0  0
   15.2007    9.4073    0.0000 H   0  0  0  0  0  0  0  0  0  0  0  0
   15.1638   11.0782    0.0000 H   0  0  0  0  0  0  0  0  0  0  0  0
   16.5552    9.7444    0.0000 H   0  0  0  0  0  0  0  0  0  0  0  0
   17.0682   10.8588    0.0000 H   0  0  0  0  0  0  0  0  0  0  0  0
   15.9538   11.3718    0.0000 H   0  0  0  0  0  0  0  0  0  0  0  0
   12.5294    8.0621    0.0000 H   0  0  0  0  0  0  0  0  0  0  0  0
    9.8878   15.8055    0.0000 H   0  0  0  0  0  0  0  0  0  0  0  0
    6.8314   15.7554    0.0000 H   0  0  0  0  0  0  0  0  0  0  0  0
    7.7506   15.1423    0.0000 H   0  0  0  0  0  0  0  0  0  0  0  0
    7.8106   17.5531    0.0000 H   0  0  0  0  0  0  0  0  0  0  0  0
    6.9153   18.1820    0.0000 H   0  0  0  0  0  0  0  0  0  0  0  0
    4.7158   17.3104    0.0000 H   0  0  0  0  0  0  0  0  0  0  0  0
    5.6019   16.6441    0.0000 H   0  0  0  0  0  0  0  0  0  0  0  0
    5.8532   18.9475    0.0000 H   0  0  0  0  0  0  0  0  0  0  0  0
    4.9868   19.6254    0.0000 H   0  0  0  0  0  0  0  0  0  0  0  0
    3.7127   20.6774    0.0000 H   0  0  0  0  0  0  0  0  0  0  0  0
    2.5569   21.0888    0.0000 H   0  0  0  0  0  0  0  0  0  0  0  0
    2.1455   19.9330    0.0000 H   0  0  0  0  0  0  0  0  0  0  0  0
    2.6980   18.8123    0.0000 H   0  0  0  0  0  0  0  0  0  0  0  0
    3.5685   18.1493    0.0000 H   0  0  0  0  0  0  0  0  0  0  0  0
   10.3772   21.1296    0.0000 H   0  0  0  0  0  0  0  0  0  0  0  0
    9.2536   21.6224    0.0000 H   0  0  0  0  0  0  0  0  0  0  0  0
    8.7608   20.4988    0.0000 H   0  0  0  0  0  0  0  0  0  0  0  0
   10.6838   18.8842    0.0000 H   0  0  0  0  0  0  0  0  0  0  0  0
   10.8091   19.9758    0.0000 H   0  0  0  0  0  0  0  0  0  0  0  0
    8.6894   18.9847    0.0000 H   0  0  0  0  0  0  0  0  0  0  0  0
    8.5751   17.8872    0.0000 H   0  0  0  0  0  0  0  0  0  0  0  0
   10.4457   16.4438    0.0000 H   0  0  0  0  0  0  0  0  0  0  0  0
   10.5624   17.5420    0.0000 H   0  0  0  0  0  0  0  0  0  0  0  0
    8.7447   14.4184    0.0000 H   0  0  0  0  0  0  0  0  0  0  0  0
    9.6457   13.7630    0.0000 H   0  0  0  0  0  0  0  0  0  0  0  0
  1  2  1  0  0  0  0
  1 13  1  0  0  0  0
  3  4  1  0  0  0  0
  3 12  1  0  0  0  0
  4  5  1  0  0  0  0
  6  7  1  0  0  0  0
  6 11  1  0  0  0  0
  7  8  1  0  0  0  0
  9 10  1  0  0  0  0
  8  9  1  0  0  0  0
  3 11  1  0  0  0  0
  2 12  1  0  0  0  0
 14 15  2  0  0  0  0
 15 23  1  0  0  0  0
 14 16  1  0  0  0  0
 16 17  1  0  0  0  0
 17 20  1  0  0  0  0
 18 19  1  0  0  0  0
 16 19  2  0  0  0  0
 18 20  2  0  0  0  0
 20 21  1  0  0  0  0
 14 22  1  0  0  0  0
 23 24  2  0  0  0  0
 22 24  1  0  0  0  0
 24 25  1  0  0  0  0
 25 26  2  0  0  0  0
 26 27  1  0  0  0  0
 27 31  2  0  0  0  0
 27 28  1  0  0  0  0
 28 30  2  0  0  0  0
 28 29  1  0  0  0  0
 31 32  1  0  0  0  0
 31 39  1  0  0  0  0
 32 38  2  0  0  0  0
 32 33  1  0  0  0  0
 34 35  2  0  0  0  0
 33 35  1  0  0  0  0
 35 36  1  0  0  0  0
 36 37  1  0  0  0  0
 34 38  1  0  0  0  0
 25 39  1  0  0  0  0
 15 40  1  0  0  0  0
  5 40  1  0  0  0  0
 41 42  1  0  0  0  0
 41 52  1  0  0  0  0
 42 43  1  0  0  0  0
 44 45  1  0  0  0  0
 43 44  1  0  0  0  0
 46 47  1  0  0  0  0
 45 47  1  0  0  0  0
 48 49  1  0  0  0  0
 49 50  1  0  0  0  0
 50 51  1  0  0  0  0
 41 51  1  0  0  0  0
 29 52  1  0  0  0  0
 40 53  2  0  0  0  0
  1 54  1  0  0  0  0
  1 55  1  0  0  0  0
  2 56  1  0  0  0  0
  2 57  1  0  0  0  0
  3 58  1  0  0  0  0
  4 59  1  0  0  0  0
  4 60  1  0  0  0  0
  6 61  1  0  0  0  0
  6 62  1  0  0  0  0
  7 63  1  0  0  0  0
  7 64  1  0  0  0  0
  8 65  1  0  0  0  0
  8 66  1  0  0  0  0
  9 67  1  0  0  0  0
  9 68  1  0  0  0  0
 10 69  1  0  0  0  0
 10 70  1  0  0  0  0
 10 71  1  0  0  0  0
 11 72  1  0  0  0  0
 11 73  1  0  0  0  0
 12 74  1  0  0  0  0
 12 75  1  0  0  0  0
 13 76  1  0  0  0  0
 13 77  1  0  0  0  0
 13 78  1  0  0  0  0
 18 79  1  0  0  0  0
 19 80  1  0  0  0  0
 21 81  1  0  0  0  0
 21 82  1  0  0  0  0
 21 83  1  0  0  0  0
 23 84  1  0  0  0  0
 26 85  1  0  0  0  0
 34 86  1  0  0  0  0
 36 87  1  0  0  0  0
 36 88  1  0  0  0  0
 37 89  1  0  0  0  0
 37 90  1  0  0  0  0
 37 91  1  0  0  0  0
 38 92  1  0  0  0  0
 41 93  1  0  0  0  0
 42 94  1  0  0  0  0
 42 95  1  0  0  0  0
 43 96  1  0  0  0  0
 43 97  1  0  0  0  0
 44 98  1  0  0  0  0
 44 99  1  0  0  0  0
 45100  1  0  0  0  0
 45101  1  0  0  0  0
 46102  1  0  0  0  0
 46103  1  0  0  0  0
 46104  1  0  0  0  0
 47105  1  0  0  0  0
 47106  1  0  0  0  0
 48107  1  0  0  0  0
 48108  1  0  0  0  0
 48109  1  0  0  0  0
 49110  1  0  0  0  0
 49111  1  0  0  0  0
 50112  1  0  0  0  0
 50113  1  0  0  0  0
 51114  1  0  0  0  0
 51115  1  0  0  0  0
 52116  1  0  0  0  0
 52117  1  0  0  0  0
M  END
$$$$
